No	GenomicLocus	uniqID	rsID	chr	pos	p	nSNPs	nGWASSNPs
1	1	1:61091612:G:T	rs370650368	1	61091612	2.768e-08	2	2
2	2	1:109814880:C:T	rs4970834	1	109814880	2.056e-12	5	4
3	2	1:109818530:C:T	rs646776	1	109818530	3.042e-17	12	11
4	2	1:109819615:C:T	rs67269326	1	109819615	1.249e-09	7	7
5	3	1:154420087:A:G	rs61812598	1	154420087	2.965e-11	36	29
6	3	1:154422067:C:T	rs4845625	1	154422067	2.218e-08	32	30
7	4	4:66666895:C:T	rs201194999	4	66666895	5.772e-11	2	1
8	5	4:153585984:C:T	rs4569733	4	153585984	5.471e-09	2	2
9	6	6:161010118:A:G	rs10455872	6	161010118	2.496e-18	6	6
10	6	6:161089307:C:T	rs56393506	6	161089307	2.088e-12	1	1
11	6	6:161111700:C:T	rs186696265	6	161111700	3.416e-10	10	10
12	6	6:161383079:A:G	rs143843429	6	161383079	2.479e-10	3	3
13	7	7:40427634:C:T	rs12532479	7	40427634	4.548e-10	65	56
14	8	7:41606122:C:T	rs111910126	7	41606122	3.201e-08	3	1
15	9	9:22066572:A:G	rs28557075	9	22066572	1.26e-08	13	13
16	9	9:22067593:A:G	rs10811650	9	22067593	3.27e-16	45	42
17	9	9:22081796:A:G	rs10965227	9	22081796	5.789e-14	2	2
18	9	9:22124630:A:G	rs10757279	9	22124630	3.587e-32	72	63
19	10	10:75669013:C:T	rs2459449	10	75669013	6.783e-11	82	69
20	11	10:96043732:A:G	rs7084339	10	96043732	4.065e-09	68	63
21	11	10:96062483:C:T	rs35247409	10	96062483	4.482e-08	44	40
22	12	11:102744087:C:T	rs608194	11	102744087	3.086e-08	25	24
23	12	11:102752600:G:T	rs17368890	11	102752600	4.868e-09	10	10
24	13	11:110224141:A:G	rs12293813	11	110224141	2.497e-09	11	9
25	13	11:110244228:C:G	rs1443120	11	110244228	9.96e-09	2	1
26	14	11:116648917:C:G	rs964184	11	116648917	4.531e-11	3	2
27	14	11:116663707:A:G	rs662799	11	116663707	2.1e-09	18	17
28	15	11:130280725:A:C	rs4936099	11	130280725	1.925e-11	11	11
29	15	11:130286766:A:G	rs2291347	11	130286766	1.416e-08	5	4
30	16	13:22861921:A:G	rs9316871	13	22861921	1.903e-09	16	16
31	17	15:48696347:C:T	rs79973522	15	48696347	3.565e-09	64	60
32	17	15:48744005:C:T	rs4775762	15	48744005	3.066e-09	100	91
33	17	15:48949078:A:G	rs7166445	15	48949078	1.78e-09	110	99
34	18	15:67494494:C:T	rs1050285	15	67494494	3.86e-08	98	90
35	19	15:78719501:A:T	rs72736802	15	78719501	1.076e-08	50	41
36	19	15:78900647:A:G	rs112878080	15	78900647	1.61e-15	89	74
37	19	15:78926726:C:G	rs12440014	15	78926726	2.124e-09	80	74
38	19	15:78928264:G:T	rs12441088	15	78928264	4.568e-08	8	7
39	20	16:56985139:A:G	rs9989419	16	56985139	4.792e-08	2	2
40	20	16:56985514:A:G	rs72786786	16	56985514	2.209e-08	14	14
41	20	16:56997233:A:G	rs1864163	16	56997233	2.575e-08	9	8
42	21	18:20120471:C:T	rs73405069	18	20120471	1.054e-10	35	34
43	21	18:20198889:C:T	rs35561761	18	20198889	5.258e-09	77	65
44	21	18:20199872:C:CA	rs201021392	18	20199872	4.163e-08	129	114
45	22	19:11202306:G:T	rs6511720	19	11202306	6.108e-09	67	62
46	23	20:44582187:A:T	rs73128528	20	44582187	7.59e-14	13	9
47	23	20:44635654:A:G	rs3918278	20	44635654	5.008e-12	3	3
